$ANSIBLE_VAULT;1.1;AES256
63366564326134616530356662373333643637333766376433383661353139653466616464623835
6463323734363762383864346561643263363862363164650a663237326335396131643537326339
35343539373136346239313961333362303332353930613134373534646466663365306531646132
3163653931643161330a323862643838303665303665646561363937393432613964393431633835
66353362383862623238353535616431613838643965386465336233653062636662653064363463
64373164353431646365396530623764653035626630316162656665643964663131396464376131
61363865636365323465623239623263653034356631333638643464396134316361333038366137
34333961306237633765623864313662666231383536646566393464636162353463643962616661
63333462363966316334306337343932663037316234303036303861383866653065623131383031
63356231353638346162656232313133303630326337383364353237383562623465383839353636
36326463386465653462613664663930393935393936343930663839623061656165313335666336
63353935366537646165353431386566303930383666393630613735353133666264396435396132
35613238656464303334353166386662663765363938643864353738323538663466346433643966
30396535613664313737646336383634336365313237643466626131663433623531633464356339
66346662336334373865343238613666643437306465623538336137376338316438353032313231
36343538336437646436646530346634613737643238636530306435333366363363306635636131
32333435376238333563306430326635353834313635306665623335666435303138616565336464
66353835393132363033376662653866616437663566386634333062333831316164363035383835
63646561333937643930343761366535396637363765363537663662303034303937643264656436
62373861383032353437343831313066316238653863363436303332323364643462356331333266
37323739616563303162626534373438356564383332663131663438643839393930306439376437
37623136663465393431626235373638663536333436623635366162366364353661303633336534
38663330326332323732313662386435636336343230313934326534613466363337333934306165
61363734373239376132393032626230656434303732663862323731386164353765326465353037
39646462323534383262336130313763363064383937646239663637353638356539653238666631
36316439633131343933303066616237313533393839393766653466616335643131323964393931
34316162373531666133346232386432393832303463363366323965313630343463333564373934
61326339333133356262386331666435346337383539353435356261366263393538363034373931
30353165343432353663663931323734666564343464656430633566373732643431396464393965
64653730663463613362326539666263373661306439346439363965643863616333643433306564
31643532613733653037623366653232626238623165343363666262306366303861633738633664
34656464623566623364313739326262383364386132363432303834626630326433333638633634
61376435343438303632386166346161653839393163353365393533366461643162313837633238
35393535316537613166333633333362633062663461386335373433336537613239326265323533
63333439366635313566633939663463373539353531613835613738643230363636323839623437
63326536383261336361666532323263353161346332353262663031373131386561663835356364
39363134343264303961643031663933616236373461336364386563333635663765616164333065
61343334386438323061636566666563656565336533623635363935326337663037343936666461
65303634613563386262643163393333323934663935643935343464323264376337376538353461
65303766616563333634643766653661303332616235353731663638396636386532373763353461
35353832363635366232323337333138333436336161633934316239633530656233383635616331
35336339623139363430383761363238303838633639366635643632353466616330336237343239
64633730353235613237633539646430383535633036333238633934346539373830373433643934
39343866323663653334356138306262393037336630336637333630626233363261333664383366
38323263353931316130313263353030313036613734306466323463666639323863653138383839
65623263646362366163626462623737656635656364333237346261633034653661306239623334
38613764646334363362393432353330313039613166626136633431663733376539373933373638
34616537336530313439323737303136376639373737363464323138303939346236366136636331
36633034356433633965383134653461636133383236366164643435653664373736656262613030
31393937656631303032363834333963666238323165323533376365343337346631333862623330
61306238333832396234346364346530366263393034353665656333366563306530333466363238
38316539633961383961653261633634656135636336386634663764666663646235633535636631
39393464613964393935656530343365323430336364626634323064303134653765623939633064
62633636646230326331346433383262623966393733393461376335613137386237393861336139
36363366333832386461633863346337626436643239346339663132323661316433323933653737
32323231343435623164316330356638623061396530343731323935363436353135326262303866
32306662383939353363333362363762303461656137636630333834363330373265343836633531
39376232656239343038343639626635306365653034323864646532323262633461643931343662
39386133353033623436333135653831383863393161386664343039313137613833666434323638
34313330363735353632616562633963663134643731376132356536633036383339383038373635
61346462633432343337616163313830323061666334663965373666343666353365653036633166
65666563663935323864623864326565636139613162636365366130346430313136626665626532
32613832333432303432616534313137653838613361643534623631666136663430313534306534
66656131653635353430323038656561616131396338663730666538656133643739623961666132
63336661333239666532383362356534303036333137356664316534333338623264633739316538
61313233343665313337383731663135396130386635653966363632333030616536346537393433
66343334653534653662326132343332653336623938366232343130373864363137613134663965
30636661353037383665383666373831623961616564663333633034646536363164336433393533
37333064643365663033653230343733313863653739643837326662326431666532333061656163
66386239303237316364376438663633636535626137333734323764643933313834383166356238
35333565626635383863383032643463656632333765646534663564653363393937643633623834
37316465613838666166616637366566353338316339333165323239396538346237656636623465
66353465313862396161663931666439383862663833646366663563376464373838613263333536
62393463616364366136623933333339646134336234386165646132653031366466366538366565
30346264333463633166623534363738383661663232373762383231666232643830306164383866
64626635393564393864663634646634616666306133626639663062303536313230313132313830
33623930613238356634313065356363643363363630626136626536343931303032663037393138
62646463363566326638613665613265383361303765373132333835383530373431666664636535
32303562643635376563363633653930636338313833376532343063383631636265366537363135
65303663656633666463336237623966343435313766313166393363323931306137663035353339
66383533326264353432623466353862623934666431633661336163343239323333303231333334
34373631366165303433376232346438363034363966636563353961656262333437326130366234
63636162656235623739393363666661373535646235653462663833326561633965643765656539
65373662383762356432376636643339623035306237323137643531343564326537386262333464
64656539666662633935653138373233353864323237623931306230356431663064353834623138
33613162383433326336366463373137343266383364616532623831626364313930313337353238
32626137643838343932613938336637396134343639363461636638633536366630626563386533
39643933383562663039383963626464303938353836393136653962313531373537623932636666
63643938626664366562383638653532633134623961363636313938613730623837366339373539
32373639346262666136613965623435336131343466366131333633666432386239656637313731
64663732343736303434633039626439336638393338353532656161643737623763353439343764
65323431323234373563656530323663666531313930396665303663336365343038636561356134
61383239633835313038373939633635383864636465323938383863656237626332353137633162
64323030656532346465393736363134663035653033336231383734613036326232626437363265
30633536626535633166333736353865626133343464306335646534666537633338343638363730
39656361376532363564306133373264646139666535626138333363366530636135623438626265
64633366373438386564303234613866303066626164373238376532666331373135333466346164
35383663353238656366613537666539363037633162616165613233623539313065626564353636
65656336623336356366326333613065356230663537613661636461316164616430366337663131
36353166656631383031336439663761663634353466396365646438323339393635626362353035
61326661656532633031643066323163386636353837363764656663383936646234376164376332
61616637343732663235323164383238663266346462373139613535663961363863353537373632
35393930616264383531323033323261616165636236383361383133303930616663326537393666
37333739333666633936633366666161663234613339366564323439633362363231656338333033
65656531636235366537343436633836633866306539633861343564373939336463396238353738
35636332646638663639613266313065633061343136616633663839383163373862323463306335
32623165326134633632306339333362323161383937356233333262313165643736326563366233
62323033383765336339633237386436656537653462616434396662316464666261353237363835
32313830623532383062353632643365336233633763346533353933346332643439666332363062
30366534373165353431373065313833386661326539306635333666326165646639383437626636
33333338363035663638366331363539616233643235393662633937366238613762323834346334
39393538373465663334316665383461326430396361376164356533393464623934323731656632
33616433336636613862346638646531626437343362303733366266386133316664633863613566
38323236653565656333323363323837313161306135373365613765313564393462666635386135
33633736393034626638383966336631633035616331663061333633386130343035343539636465
32303136336334633833633262643762303962363332313234613139633732373333633964373061
34653930303265336562393736623966363434633633616563343736616261333965383830383861
64646566343664353939373132653035373664396461303566366138303864393838366239343763
30393165303065363131373139643832343662653936343032636437363233616133323138343366
33303762636138306633363732326337393532346235376462396132376666303932366333323831
38326336306339386337663035666464623939646136376134316565313836653238323534636164
63346335666363643032326133383262656263343762363064616338633963356636343037326433
66646231393438323431356638643732333564313466326338313039626463353834336265303931
65313139396166343137303136626531316538616538316139313839363935643865643939363234
65376461376339633062373437383265623334323663663736623330666561306339653465396562
30653830393665366664386233383563343731336161643637653730643834366233643536316461
37616638383631656331666138633238373664303361303166373235666162613932353035616430
62616235613963623737666531306534663531623864633334353361646466633936336163613037
36393666383037343639643466316162323732636236616133383436323932663337613836336336
64613438373732656636323738663465653436663531653233373461386434643537633833666230
33316237363533643263363330343136653862663266613630373263373035613035656566316333
63323938636239363831663162646564303062633933643461313463633565383733316335303761
64613664373362353766376239326633376464393736656262623064346164353435653437643736
38306132663436626539363462643061336330313963376536626535383833633964663535636434
37613461623135363366386135646338623666643363613235666339643538303630343564353166
35363535393462363061626535643030356230633761326536613361623763633861356264626465
63333730373865613133396461623239393137643036313466366463393530323937316162346262
35666432616561666639643436396233323565396666313034613135393832383330306561643336
38663035643039333731323463633763363332396266393031663562303138393064366566366434
39383130623036653565363834343632393431313861633739333630393166633631313534306632
38643832343565373062343861363666363839336233333166663963373938343237643165313231
65323236326562643837636536326662386535383333343033653637633537376137323037623335
63306336643763613939616332316234616361366363636633653137636432386630356235383437
62316136396662656236396131613033333465353865313738366633633065383264306333656434
64633666613666643063636236353662613932313733386363636235383362346130633562363431
30653335323334323166313265653531613435376334653465633130386162373331363761653264
32363937336331653637333566336563653661313435336332666533376166373164623564326436
32633631333965366130656230333036656265653337363963663561333461366535643663616362
32373365616239323761383662636330383432323330386533396538356639616261356330336638
30653236376631343037636239393438346131663565633834356331626163653732636631653066
39356630656133303831623462383765313938326638643666383930663835373334663236383139
31343030316464303039373563393332356532646162346235633437363836343537623732373832
35333164326136613431633735333331333962383965343733363233376261356364383864333433
62653436386463653735343531643939643530623930646664386166373263663732336464333233
38336563656336316632653463613632363265313661316539643961313762393265393361623437
65656562643864326562626533613833353738313966366261353931393730633963373235313661
38626133326538373133346366323835633037316436373439353439663635643037616332623232
62626136656163613165363432646235313539313034316465303564643337353764383564323834
31316365353632363037346661376162386665663934616464343766666334623332343661363530
39366437313864326534393930656633343933336138303036303430383736396436366436646539
39323535343064363633366463613134336334303566333164333432373236346539653438646630
62623631333837393662303138323732666139663438353061363466616262326537396432643362
63383835353339646332643833393462336631373064366166353731373734653361663561653635
65393437373436643034613139343764323761366238626537346635623637653366323839373066
66666263303865363363376161376464353138313365373465346462306237393365383137633262
38333734313439326461323337656361633534323565373930303461656236616465396334393035
35613930333737633134343033303535366464613964643838356665616666303037623436666331
63386335336162646363343233316264656631386135386665396633343666663234353435623564
39383930633834376136363430656265333035323334313565306633616565663536376634616232
31663439383965633161303830633064663464306132313963386162666232383233626638366662
66623364356634393533343735316263666235636666336531363431366561646535666333663336
31393163623530653164383834373138666266656161336131306463653836666664633263313465
30303739386138303834623233303965343738656561323230323934303464323866
